      2001,       266,       268,       262
      2002,       266,       262,       263
      2003,       268,       258,       259
      2004,       268,       259,       262
      2005,       250,       251,       269
      2006,       250,       269,       267
      2007,       267,       269,       268
      2008,       267,       268,       266
      2009,       251,       252,       257
      2010,       251,       257,       269
      2011,       269,       257,       258
      2012,       269,       258,       268
      2013,        17,       270,       265
      2014,        17,       265,        16
      2015,       270,       271,       264
      2016,       270,       264,       265
      2017,       271,       266,       263
      2018,       271,       263,       264
      2019,        19,       248,       272
      2020,        19,       272,        18
      2021,        18,       272,       270
      2022,        18,       270,        17
      2023,       248,       249,       273
      2024,       248,       273,       272
      2025,       272,       273,       271
      2026,       272,       271,       270
      2027,       249,       250,       267
      2028,       249,       267,       273
      2029,       273,       267,       266
      2030,       273,       266,       271
      2031,       274,       276,        10
      2032,       274,        10,        11
      2033,       276,       261,         9
      2034,       276,         9,        10
      2035,       275,       277,       276
      2036,       275,       276,       274
      2037,       277,       260,       261
      2038,       277,       261,       276
      2039,       263,       262,       277
      2040,       263,       277,       275
      2041,       262,       259,       260
      2042,       262,       260,       277
      2043,        14,       278,        13
      2044,        14,        13,         1
      2045,       278,       279,        12
      2046,       278,        12,        13
      2047,       279,       274,        11
      2048,       279,        11,        12
      2049,        16,       265,       280
      2050,        16,       280,        15
      2051,        15,       280,       278
      2052,        15,       278,        14
      2053,       265,       264,       281
      2054,       265,       281,       280
      2055,       280,       281,       279
      2056,       280,       279,       278
      2057,       264,       263,       275
      2058,       264,       275,       281
      2059,       281,       275,       274
      2060,       281,       274,       279
      2061,       286,       288,       282
      2062,       286,       282,       283
      2063,       288,       217,       218
      2064,       288,       218,       282
      2065,       287,       289,       288
      2066,       287,       288,       286
      2067,       289,       216,       217
      2068,       289,       217,       288
      2069,       255,       256,       289
      2070,       255,       289,       287
      2071,       256,       215,       216
      2072,       256,       216,       289
      2073,       258,       290,       285
      2074,       258,       285,       259
      2075,       290,       291,       284
      2076,       290,       284,       285
      2077,       291,       286,       283
      2078,       291,       283,       284
      2079,       252,       253,       292
      2080,       252,       292,       257
      2081,       257,       292,       290
      2082,       257,       290,       258
      2083,       287,       293,       254
      2084,       287,       254,       255
      2085,       293,       292,       253
      2086,       293,       253,       254
      2087,       286,       291,       293
      2088,       286,       293,       287
      2089,       291,       290,       292
      2090,       291,       292,       293
      2091,       294,       296,         5
      2092,       294,         5,         6
      2093,       296,       220,         4
      2094,       296,         4,         5
      2095,       283,       282,       297
      2096,       283,       297,       295
      2097,       295,       297,       296
      2098,       295,       296,       294
      2099,       282,       218,       219
      2100,       282,       219,       297
      2101,       297,       219,       220
      2102,       297,       220,       296
      2103,         6,         7,       298
      2104,         6,       298,       294
      2105,       294,       298,       299
      2106,       294,       299,       295
      2107,       295,       299,       284
      2108,       295,       284,       283
      2109,       261,       300,         8
      2110,       261,         8,         9
      2111,       300,       298,         7
      2112,       300,         7,         8
      2113,       259,       285,       301
      2114,       259,       301,       260
      2115,       260,       301,       300
      2116,       260,       300,       261
      2117,       285,       284,       299
      2118,       285,       299,       301
      2119,       301,       299,       298
      2120,       301,       298,       300
      2121,       311,       313,       307
      2122,       311,       307,       308
      2123,       313,       303,       304
      2124,       313,       304,       307
      2125,       241,       242,       314
      2126,       241,       314,       312
      2127,       312,       314,       313
      2128,       312,       313,       311
      2129,       242,       243,       302
      2130,       242,       302,       314
      2131,       314,       302,       303
      2132,       314,       303,       313
      2133,       308,       309,       315
      2134,       308,       315,       311
      2135,       311,       315,       316
      2136,       311,       316,       312
      2137,       312,       316,       240
      2138,       312,       240,       241
      2139,        23,       317,       310
      2140,        23,       310,        22
      2141,       317,       315,       309
      2142,       317,       309,       310
      2143,        25,       239,       318
      2144,        25,       318,        24
      2145,        24,       318,       317
      2146,        24,       317,        23
      2147,       239,       240,       316
      2148,       239,       316,       318
      2149,       318,       316,       315
      2150,       318,       315,       317
      2151,       319,       321,       251
      2152,       319,       251,       250
      2153,       321,       306,       252
      2154,       321,       252,       251
      2155,       308,       307,       322
      2156,       308,       322,       320
      2157,       320,       322,       321
      2158,       320,       321,       319
      2159,       307,       304,       305
      2160,       307,       305,       322
      2161,       322,       305,       306
      2162,       322,       306,       321
      2163,       250,       249,       323
      2164,       250,       323,       319
      2165,       319,       323,       324
      2166,       319,       324,       320
      2167,       320,       324,       309
      2168,       320,       309,       308
      2169,        20,       325,       248
      2170,        20,       248,        19
      2171,       325,       323,       249
      2172,       325,       249,       248
      2173,        22,       310,       326
      2174,        22,       326,        21
      2175,        21,       326,       325
      2176,        21,       325,        20
      2177,       310,       309,       324
      2178,       310,       324,       326
      2179,       326,       324,       323
      2180,       326,       323,       325
      2181,       331,       333,       327
      2182,       331,       327,       328
      2183,       333,       211,       212
      2184,       333,       212,       327
      2185,       246,       247,       334
      2186,       246,       334,       332
      2187,       332,       334,       333
      2188,       332,       333,       331
      2189,       247,       209,       210
      2190,       247,       210,       334
      2191,       334,       210,       211
      2192,       334,       211,       333
      2193,       328,       329,       335
      2194,       328,       335,       331
      2195,       331,       335,       336
      2196,       331,       336,       332
      2197,       332,       336,       245
      2198,       332,       245,       246
      2199,       303,       337,       330
      2200,       303,       330,       304
      2201,       337,       335,       329
      2202,       337,       329,       330
      2203,       243,       244,       338
      2204,       243,       338,       302
      2205,       302,       338,       337
      2206,       302,       337,       303
      2207,       244,       245,       336
      2208,       244,       336,       338
      2209,       338,       336,       335
      2210,       338,       335,       337
      2211,       339,       341,       256
      2212,       339,       256,       255
      2213,       341,       214,       215
      2214,       341,       215,       256
      2215,       328,       327,       342
      2216,       328,       342,       340
      2217,       340,       342,       341
      2218,       340,       341,       339
      2219,       327,       212,       213
      2220,       327,       213,       342
      2221,       342,       213,       214
      2222,       342,       214,       341
      2223,       255,       254,       343
      2224,       255,       343,       339
      2225,       339,       343,       344
      2226,       339,       344,       340
      2227,       340,       344,       329
      2228,       340,       329,       328
      2229,       306,       345,       253
      2230,       306,       253,       252
      2231,       345,       343,       254
      2232,       345,       254,       253
      2233,       304,       330,       346
      2234,       304,       346,       305
      2235,       305,       346,       345
      2236,       305,       345,       306
      2237,       330,       329,       344
      2238,       330,       344,       346
      2239,       346,       344,       343
      2240,       346,       343,       345
      2241,       365,       367,       361
      2242,       365,       361,       362
      2243,       367,       357,       358
      2244,       367,       358,       361
      2245,       366,       368,       367
      2246,       366,       367,       365
      2247,       368,       356,       357
      2248,       368,       357,       367
      2249,       349,       350,       368
      2250,       349,       368,       366
      2251,       350,       351,       356
      2252,       350,       356,       368
      2253,        29,       369,       364
      2254,        29,       364,        28
      2255,       369,       370,       363
      2256,       369,       363,       364
      2257,       370,       365,       362
      2258,       370,       362,       363
      2259,        31,       347,       371
      2260,        31,       371,        30
      2261,        30,       371,       369
      2262,        30,       369,        29
      2263,       347,       348,       372
      2264,       347,       372,       371
      2265,       371,       372,       370
      2266,       371,       370,       369
      2267,       348,       349,       366
      2268,       348,       366,       372
      2269,       372,       366,       365
      2270,       372,       365,       370
      2271,       373,       375,       242
      2272,       373,       242,       241
      2273,       375,       360,       243
      2274,       375,       243,       242
      2275,       374,       376,       375
      2276,       374,       375,       373
      2277,       376,       359,       360
      2278,       376,       360,       375
      2279,       362,       361,       376
      2280,       362,       376,       374
      2281,       361,       358,       359
      2282,       361,       359,       376
      2283,        26,       377,       239
      2284,        26,       239,        25
      2285,       377,       378,       240
      2286,       377,       240,       239
      2287,       378,       373,       241
      2288,       378,       241,       240
      2289,        28,       364,       379
      2290,        28,       379,        27
      2291,        27,       379,       377
      2292,        27,       377,        26
      2293,       374,       380,       363
      2294,       374,       363,       362
      2295,       380,       379,       364
      2296,       380,       364,       363
      2297,       373,       378,       380
      2298,       373,       380,       374
      2299,       378,       377,       379
      2300,       378,       379,       380
      2301,       385,       387,       381
      2302,       385,       381,       382
      2303,       387,       205,       206
      2304,       387,       206,       381
      2305,       386,       388,       387
      2306,       386,       387,       385
      2307,       388,       204,       205
      2308,       388,       205,       387
      2309,       354,       355,       388
      2310,       354,       388,       386
      2311,       355,       203,       204
      2312,       355,       204,       388
      2313,       357,       389,       384
      2314,       357,       384,       358
      2315,       389,       390,       383
      2316,       389,       383,       384
      2317,       390,       385,       382
      2318,       390,       382,       383
      2319,       351,       352,       391
      2320,       351,       391,       356
      2321,       356,       391,       389
      2322,       356,       389,       357
      2323,       386,       392,       353
      2324,       386,       353,       354
      2325,       392,       391,       352
      2326,       392,       352,       353
      2327,       385,       390,       392
      2328,       385,       392,       386
      2329,       390,       389,       391
      2330,       390,       391,       392
      2331,       393,       395,       247
      2332,       393,       247,       246
      2333,       395,       208,       209
      2334,       395,       209,       247
      2335,       382,       381,       396
      2336,       382,       396,       394
      2337,       394,       396,       395
      2338,       394,       395,       393
      2339,       381,       206,       207
      2340,       381,       207,       396
      2341,       396,       207,       208
      2342,       396,       208,       395
      2343,       360,       397,       244
      2344,       360,       244,       243
      2345,       397,       398,       245
      2346,       397,       245,       244
      2347,       398,       393,       246
      2348,       398,       246,       245
      2349,       358,       384,       399
      2350,       358,       399,       359
      2351,       359,       399,       397
      2352,       359,       397,       360
      2353,       394,       400,       383
      2354,       394,       383,       382
      2355,       400,       399,       384
      2356,       400,       384,       383
      2357,       393,       398,       400
      2358,       393,       400,       394
      2359,       398,       397,       399
      2360,       398,       399,       400
      2361,       411,       413,       407
      2362,       411,       407,       408
      2363,       413,       402,       403
      2364,       413,       403,       407
      2365,       232,       233,       414
      2366,       232,       414,       412
      2367,       412,       414,       413
      2368,       412,       413,       411
      2369,       233,       234,       401
      2370,       233,       401,       414
      2371,       414,       401,       402
      2372,       414,       402,       413
      2373,       408,       409,       415
      2374,       408,       415,       411
      2375,       411,       415,       416
      2376,       411,       416,       412
      2377,       412,       416,       231
      2378,       412,       231,       232
      2379,        36,       417,       410
      2380,        36,       410,        35
      2381,       417,       415,       409
      2382,       417,       409,       410
      2383,        38,       230,       418
      2384,        38,       418,        37
      2385,        37,       418,       417
      2386,        37,       417,        36
      2387,       230,       231,       416
      2388,       230,       416,       418
      2389,       418,       416,       415
      2390,       418,       415,       417
      2391,       420,       422,       423
      2392,       420,       423,       419
      2393,       419,       423,       350
      2394,       419,       350,       349
      2395,       422,       405,       406
      2396,       422,       406,       423
      2397,       423,       406,       351
      2398,       423,       351,       350
      2399,       408,       407,       424
      2400,       408,       424,       421
      2401,       421,       424,       422
      2402,       421,       422,       420
      2403,       407,       403,       404
      2404,       407,       404,       424
      2405,       424,       404,       405
      2406,       424,       405,       422
      2407,        33,       425,       427
      2408,        33,       427,        32
      2409,        32,       427,       347
      2410,        32,       347,        31
      2411,       425,       426,       428
      2412,       425,       428,       427
      2413,       427,       428,       348
      2414,       427,       348,       347
      2415,       426,       420,       419
      2416,       426,       419,       428
      2417,       428,       419,       349
      2418,       428,       349,       348
      2419,        35,       410,       429
      2420,        35,       429,        34
      2421,        34,       429,       425
      2422,        34,       425,        33
      2423,       421,       430,       409
      2424,       421,       409,       408
      2425,       430,       429,       410
      2426,       430,       410,       409
      2427,       420,       426,       430
      2428,       420,       430,       421
      2429,       426,       425,       429
      2430,       426,       429,       430
      2431,       435,       437,       431
      2432,       435,       431,       432
      2433,       437,       198,       199
      2434,       437,       199,       431
      2435,       436,       438,       437
      2436,       436,       437,       435
      2437,       438,       197,       198
      2438,       438,       198,       437
      2439,       237,       238,       438
      2440,       237,       438,       436
      2441,       238,       196,       197
      2442,       238,       197,       438
      2443,       432,       433,       439
      2444,       432,       439,       435
      2445,       435,       439,       440
      2446,       435,       440,       436
      2447,       436,       440,       236
      2448,       436,       236,       237
      2449,       402,       441,       434
      2450,       402,       434,       403
      2451,       441,       439,       433
      2452,       441,       433,       434
      2453,       234,       235,       442
      2454,       234,       442,       401
      2455,       401,       442,       441
      2456,       401,       441,       402
      2457,       235,       236,       440
      2458,       235,       440,       442
      2459,       442,       440,       439
      2460,       442,       439,       441
      2461,       444,       446,       447
      2462,       444,       447,       443
      2463,       443,       447,       355
      2464,       443,       355,       354
      2465,       446,       201,       202
      2466,       446,       202,       447
      2467,       447,       202,       203
      2468,       447,       203,       355
      2469,       445,       448,       446
      2470,       445,       446,       444
      2471,       448,       200,       201
      2472,       448,       201,       446
      2473,       432,       431,       448
      2474,       432,       448,       445
      2475,       431,       199,       200
      2476,       431,       200,       448
      2477,       405,       449,       451
      2478,       405,       451,       406
      2479,       406,       451,       352
      2480,       406,       352,       351
      2481,       449,       450,       452
      2482,       449,       452,       451
      2483,       451,       452,       353
      2484,       451,       353,       352
      2485,       450,       444,       443
      2486,       450,       443,       452
      2487,       452,       443,       354
      2488,       452,       354,       353
      2489,       403,       434,       453
      2490,       403,       453,       404
      2491,       404,       453,       449
      2492,       404,       449,       405
      2493,       445,       454,       433
      2494,       445,       433,       432
      2495,       454,       453,       434
      2496,       454,       434,       433
      2497,       444,       450,       454
      2498,       444,       454,       445
      2499,       450,       449,       453
      2500,       450,       453,       454
      2501,       482,       484,       478
      2502,       482,       478,       479
      2503,       484,       474,       475
      2504,       484,       475,       478
      2505,       483,       485,       484
      2506,       483,       484,       482
      2507,       485,       473,       474
      2508,       485,       474,       484
      2509,       466,       467,       485
      2510,       466,       485,       483
      2511,       467,       468,       473
      2512,       467,       473,       485
      2513,       479,       480,       486
      2514,       479,       486,       482
      2515,       482,       486,       487
      2516,       482,       487,       483
      2517,       483,       487,       465
      2518,       483,       465,       466
      2519,        42,       488,       481
      2520,        42,       481,        41
      2521,       488,       486,       480
      2522,       488,       480,       481
      2523,        44,       464,       489
      2524,        44,       489,        43
      2525,        43,       489,       488
      2526,        43,       488,        42
      2527,       464,       465,       487
      2528,       464,       487,       489
      2529,       489,       487,       486
      2530,       489,       486,       488
      2531,       490,       492,       233
      2532,       490,       233,       232
      2533,       492,       477,       234
      2534,       492,       234,       233
      2535,       479,       478,       493
      2536,       479,       493,       491
      2537,       491,       493,       492
      2538,       491,       492,       490
      2539,       478,       475,       476
      2540,       478,       476,       493
      2541,       493,       476,       477
      2542,       493,       477,       492
      2543,       232,       231,       494
      2544,       232,       494,       490
      2545,       490,       494,       495
      2546,       490,       495,       491
      2547,       491,       495,       480
      2548,       491,       480,       479
      2549,        39,       496,       230
      2550,        39,       230,        38
      2551,       496,       494,       231
      2552,       496,       231,       230
      2553,        41,       481,       497
      2554,        41,       497,        40
      2555,        40,       497,       496
      2556,        40,       496,        39
      2557,       481,       480,       495
      2558,       481,       495,       497
      2559,       497,       495,       494
      2560,       497,       494,       496
      2561,       502,       504,       498
      2562,       502,       498,       499
      2563,       504,       192,       193
      2564,       504,       193,       498
      2565,       503,       505,       504
      2566,       503,       504,       502
      2567,       505,       191,       192
      2568,       505,       192,       504
      2569,       471,       472,       505
      2570,       471,       505,       503
      2571,       472,       190,       191
      2572,       472,       191,       505
      2573,       474,       506,       501
      2574,       474,       501,       475
      2575,       506,       507,       500
      2576,       506,       500,       501
      2577,       507,       502,       499
      2578,       507,       499,       500
      2579,       468,       469,       508
      2580,       468,       508,       473
      2581,       473,       508,       506
      2582,       473,       506,       474
      2583,       503,       509,       470
      2584,       503,       470,       471
      2585,       509,       508,       469
      2586,       509,       469,       470
      2587,       502,       507,       509
      2588,       502,       509,       503
      2589,       507,       506,       508
      2590,       507,       508,       509
      2591,       510,       512,       238
      2592,       510,       238,       237
      2593,       512,       195,       196
      2594,       512,       196,       238
      2595,       499,       498,       513
      2596,       499,       513,       511
      2597,       511,       513,       512
      2598,       511,       512,       510
      2599,       498,       193,       194
      2600,       498,       194,       513
      2601,       513,       194,       195
      2602,       513,       195,       512
      2603,       237,       236,       514
      2604,       237,       514,       510
      2605,       510,       514,       515
      2606,       510,       515,       511
      2607,       511,       515,       500
      2608,       511,       500,       499
      2609,       477,       516,       235
      2610,       477,       235,       234
      2611,       516,       514,       236
      2612,       516,       236,       235
      2613,       475,       501,       517
      2614,       475,       517,       476
      2615,       476,       517,       516
      2616,       476,       516,       477
      2617,       501,       500,       515
      2618,       501,       515,       517
      2619,       517,       515,       514
      2620,       517,       514,       516
      2621,       527,       529,       523
      2622,       527,       523,       524
      2623,       529,       519,       520
      2624,       529,       520,       523
      2625,       457,       458,       530
      2626,       457,       530,       528
      2627,       528,       530,       529
      2628,       528,       529,       527
      2629,       458,       459,       518
      2630,       458,       518,       530
      2631,       530,       518,       519
      2632,       530,       519,       529
      2633,       524,       525,       531
      2634,       524,       531,       527
      2635,       527,       531,       532
      2636,       527,       532,       528
      2637,       528,       532,       456
      2638,       528,       456,       457
      2639,        48,       533,       526
      2640,        48,       526,        47
      2641,       533,       531,       525
      2642,       533,       525,       526
      2643,        50,       455,       534
      2644,        50,       534,        49
      2645,        49,       534,       533
      2646,        49,       533,        48
      2647,       455,       456,       532
      2648,       455,       532,       534
      2649,       534,       532,       531
      2650,       534,       531,       533
      2651,       535,       537,       467
      2652,       535,       467,       466
      2653,       537,       522,       468
      2654,       537,       468,       467
      2655,       524,       523,       538
      2656,       524,       538,       536
      2657,       536,       538,       537
      2658,       536,       537,       535
      2659,       523,       520,       521
      2660,       523,       521,       538
      2661,       538,       521,       522
      2662,       538,       522,       537
      2663,       466,       465,       539
      2664,       466,       539,       535
      2665,       535,       539,       540
      2666,       535,       540,       536
      2667,       536,       540,       525
      2668,       536,       525,       524
      2669,        45,       541,       464
      2670,        45,       464,        44
      2671,       541,       539,       465
      2672,       541,       465,       464
      2673,        47,       526,       542
      2674,        47,       542,        46
      2675,        46,       542,       541
      2676,        46,       541,        45
      2677,       526,       525,       540
      2678,       526,       540,       542
      2679,       542,       540,       539
      2680,       542,       539,       541
      2681,       547,       549,       543
      2682,       547,       543,       544
      2683,       549,       186,       187
      2684,       549,       187,       543
      2685,       462,       463,       550
      2686,       462,       550,       548
      2687,       548,       550,       549
      2688,       548,       549,       547
      2689,       463,       184,       185
      2690,       463,       185,       550
      2691,       550,       185,       186
      2692,       550,       186,       549
      2693,       544,       545,       551
      2694,       544,       551,       547
      2695,       547,       551,       552
      2696,       547,       552,       548
      2697,       548,       552,       461
      2698,       548,       461,       462
      2699,       519,       553,       546
      2700,       519,       546,       520
      2701,       553,       551,       545
      2702,       553,       545,       546
      2703,       459,       460,       554
      2704,       459,       554,       518
      2705,       518,       554,       553
      2706,       518,       553,       519
      2707,       460,       461,       552
      2708,       460,       552,       554
      2709,       554,       552,       551
      2710,       554,       551,       553
      2711,       555,       557,       472
      2712,       555,       472,       471
      2713,       557,       189,       190
      2714,       557,       190,       472
      2715,       544,       543,       558
      2716,       544,       558,       556
      2717,       556,       558,       557
      2718,       556,       557,       555
      2719,       543,       187,       188
      2720,       543,       188,       558
      2721,       558,       188,       189
      2722,       558,       189,       557
      2723,       471,       470,       559
      2724,       471,       559,       555
      2725,       555,       559,       560
      2726,       555,       560,       556
      2727,       556,       560,       545
      2728,       556,       545,       544
      2729,       522,       561,       469
      2730,       522,       469,       468
      2731,       561,       559,       470
      2732,       561,       470,       469
      2733,       521,       562,       561
      2734,       521,       561,       522
      2735,       562,       560,       559
      2736,       562,       559,       561
      2737,       520,       546,       562
      2738,       520,       562,       521
      2739,       546,       545,       560
      2740,       546,       560,       562
      2741,       581,       583,       577
      2742,       581,       577,       578
      2743,       583,       573,       574
      2744,       583,       574,       577
      2745,       565,       566,       584
      2746,       565,       584,       582
      2747,       582,       584,       583
      2748,       582,       583,       581
      2749,       566,       567,       572
      2750,       566,       572,       584
      2751,       584,       572,       573
      2752,       584,       573,       583
      2753,       578,       579,       585
      2754,       578,       585,       581
      2755,       581,       585,       586
      2756,       581,       586,       582
      2757,       582,       586,       564
      2758,       582,       564,       565
      2759,        54,       587,       580
      2760,        54,       580,        53
      2761,       587,       585,       579
      2762,       587,       579,       580
      2763,        56,       563,       588
      2764,        56,       588,        55
      2765,        55,       588,       587
      2766,        55,       587,        54
      2767,       563,       564,       586
      2768,       563,       586,       588
      2769,       588,       586,       585
      2770,       588,       585,       587
      2771,       589,       591,       458
      2772,       589,       458,       457
      2773,       591,       576,       459
      2774,       591,       459,       458
      2775,       590,       592,       591
      2776,       590,       591,       589
      2777,       592,       575,       576
      2778,       592,       576,       591
      2779,       578,       577,       592
      2780,       578,       592,       590
      2781,       577,       574,       575
      2782,       577,       575,       592
      2783,       457,       456,       593
      2784,       457,       593,       589
      2785,       589,       593,       594
      2786,       589,       594,       590
      2787,       590,       594,       579
      2788,       590,       579,       578
      2789,        51,       595,       455
      2790,        51,       455,        50
      2791,       595,       593,       456
      2792,       595,       456,       455
      2793,        53,       580,       596
      2794,        53,       596,        52
      2795,        52,       596,       595
      2796,        52,       595,        51
      2797,       580,       579,       594
      2798,       580,       594,       596
      2799,       596,       594,       593
      2800,       596,       593,       595
      2801,       601,       603,       597
      2802,       601,       597,       598
      2803,       603,       180,       181
      2804,       603,       181,       597
      2805,       570,       571,       604
      2806,       570,       604,       602
      2807,       602,       604,       603
      2808,       602,       603,       601
      2809,       571,       178,       179
      2810,       571,       179,       604
      2811,       604,       179,       180
      2812,       604,       180,       603
      2813,       573,       605,       600
      2814,       573,       600,       574
      2815,       605,       606,       599
      2816,       605,       599,       600
      2817,       606,       601,       598
      2818,       606,       598,       599
      2819,       567,       568,       607
      2820,       567,       607,       572
      2821,       572,       607,       605
      2822,       572,       605,       573
      2823,       602,       608,       569
      2824,       602,       569,       570
      2825,       608,       607,       568
      2826,       608,       568,       569
      2827,       601,       606,       608
      2828,       601,       608,       602
      2829,       606,       605,       607
      2830,       606,       607,       608
      2831,       609,       611,       463
      2832,       609,       463,       462
      2833,       611,       183,       184
      2834,       611,       184,       463
      2835,       598,       597,       612
      2836,       598,       612,       610
      2837,       610,       612,       611
      2838,       610,       611,       609
      2839,       597,       181,       182
      2840,       597,       182,       612
      2841,       612,       182,       183
      2842,       612,       183,       611
      2843,       462,       461,       613
      2844,       462,       613,       609
      2845,       609,       613,       614
      2846,       609,       614,       610
      2847,       610,       614,       599
      2848,       610,       599,       598
      2849,       576,       615,       460
      2850,       576,       460,       459
      2851,       615,       613,       461
      2852,       615,       461,       460
      2853,       575,       616,       615
      2854,       575,       615,       576
      2855,       616,       614,       613
      2856,       616,       613,       615
      2857,       574,       600,       616
      2858,       574,       616,       575
      2859,       600,       599,       614
      2860,       600,       614,       616
      2861,       627,       629,       623
      2862,       627,       623,       624
      2863,       629,       618,       619
      2864,       629,       619,       623
      2865,       223,       224,       630
      2866,       223,       630,       628
      2867,       628,       630,       629
      2868,       628,       629,       627
      2869,       224,       225,       617
      2870,       224,       617,       630
      2871,       630,       617,       618
      2872,       630,       618,       629
      2873,       624,       625,       631
      2874,       624,       631,       627
      2875,       627,       631,       632
      2876,       627,       632,       628
      2877,       628,       632,       222
      2878,       628,       222,       223
      2879,        61,       633,       626
      2880,        61,       626,        60
      2881,       633,       631,       625
      2882,       633,       625,       626
      2883,        63,       221,       634
      2884,        63,       634,        62
      2885,        62,       634,       633
      2886,        62,       633,        61
      2887,       221,       222,       632
      2888,       221,       632,       634
      2889,       634,       632,       631
      2890,       634,       631,       633
      2891,       636,       638,       639
      2892,       636,       639,       635
      2893,       635,       639,       566
      2894,       635,       566,       565
      2895,       638,       621,       622
      2896,       638,       622,       639
      2897,       639,       622,       567
      2898,       639,       567,       566
      2899,       637,       640,       638
      2900,       637,       638,       636
      2901,       640,       620,       621
      2902,       640,       621,       638
      2903,       624,       623,       640
      2904,       624,       640,       637
      2905,       623,       619,       620
      2906,       623,       620,       640
      2907,        58,       641,       643
      2908,        58,       643,        57
      2909,        57,       643,       563
      2910,        57,       563,        56
      2911,       635,       644,       642
      2912,       635,       642,       636
      2913,       644,       643,       641
      2914,       644,       641,       642
      2915,       565,       564,       644
      2916,       565,       644,       635
      2917,       564,       563,       643
      2918,       564,       643,       644
      2919,        60,       626,       645
      2920,        60,       645,        59
      2921,        59,       645,       641
      2922,        59,       641,        58
      2923,       637,       646,       625
      2924,       637,       625,       624
      2925,       646,       645,       626
      2926,       646,       626,       625
      2927,       636,       642,       646
      2928,       636,       646,       637
      2929,       642,       641,       645
      2930,       642,       645,       646
      2931,       651,       653,       647
      2932,       651,       647,       648
      2933,       653,       173,       174
      2934,       653,       174,       647
      2935,       228,       229,       654
      2936,       228,       654,       652
      2937,       652,       654,       653
      2938,       652,       653,       651
      2939,       229,       171,       172
      2940,       229,       172,       654
      2941,       654,       172,       173
      2942,       654,       173,       653
      2943,       648,       649,       655
      2944,       648,       655,       651
      2945,       651,       655,       656
      2946,       651,       656,       652
      2947,       652,       656,       227
      2948,       652,       227,       228
      2949,       618,       657,       650
      2950,       618,       650,       619
      2951,       657,       655,       649
      2952,       657,       649,       650
      2953,       225,       226,       658
      2954,       225,       658,       617
      2955,       617,       658,       657
      2956,       617,       657,       618
      2957,       226,       227,       656
      2958,       226,       656,       658
      2959,       658,       656,       655
      2960,       658,       655,       657
      2961,       660,       662,       663
      2962,       660,       663,       659
      2963,       659,       663,       571
      2964,       659,       571,       570
      2965,       662,       176,       177
      2966,       662,       177,       663
      2967,       663,       177,       178
      2968,       663,       178,       571
      2969,       648,       647,       664
      2970,       648,       664,       661
      2971,       661,       664,       662
      2972,       661,       662,       660
      2973,       647,       174,       175
      2974,       647,       175,       664
      2975,       664,       175,       176
      2976,       664,       176,       662
      2977,       621,       665,       667
      2978,       621,       667,       622
      2979,       622,       667,       568
      2980,       622,       568,       567
      2981,       665,       666,       668
      2982,       665,       668,       667
      2983,       667,       668,       569
      2984,       667,       569,       568
      2985,       666,       660,       659
      2986,       666,       659,       668
      2987,       668,       659,       570
      2988,       668,       570,       569
      2989,       619,       650,       669
      2990,       619,       669,       620
      2991,       620,       669,       665
      2992,       620,       665,       621
      2993,       650,       649,       670
      2994,       650,       670,       669
      2995,       669,       670,       666
      2996,       669,       666,       665
      2997,       649,       648,       661
      2998,       649,       661,       670
      2999,       670,       661,       660
      3000,       670,       660,       666
      3001,       707,       709,       703
      3002,       707,       703,       704
      3003,       709,       699,       700
      3004,       709,       700,       703
      3005,       691,       692,       710
      3006,       691,       710,       708
      3007,       708,       710,       709
      3008,       708,       709,       707
      3009,       692,       693,       698
      3010,       692,       698,       710
      3011,       710,       698,       699
      3012,       710,       699,       709
      3013,       704,       705,       711
      3014,       704,       711,       707
      3015,       707,       711,       712
      3016,       707,       712,       708
      3017,       708,       712,       690
      3018,       708,       690,       691
      3019,        67,       713,       706
      3020,        67,       706,        66
      3021,       713,       711,       705
      3022,       713,       705,       706
      3023,        69,       689,       714
      3024,        69,       714,        68
      3025,        68,       714,       713
      3026,        68,       713,        67
      3027,       689,       690,       712
      3028,       689,       712,       714
      3029,       714,       712,       711
      3030,       714,       711,       713
      3031,       715,       717,       224
      3032,       715,       224,       223
      3033,       717,       702,       225
      3034,       717,       225,       224
      3035,       704,       703,       718
      3036,       704,       718,       716
      3037,       716,       718,       717
      3038,       716,       717,       715
      3039,       703,       700,       701
      3040,       703,       701,       718
      3041,       718,       701,       702
      3042,       718,       702,       717
      3043,        64,       719,       221
      3044,        64,       221,        63
      3045,       719,       720,       222
      3046,       719,       222,       221
      3047,       720,       715,       223
      3048,       720,       223,       222
      3049,        66,       706,       721
      3050,        66,       721,        65
      3051,        65,       721,       719
      3052,        65,       719,        64
      3053,       706,       705,       722
      3054,       706,       722,       721
      3055,       721,       722,       720
      3056,       721,       720,       719
      3057,       705,       704,       716
      3058,       705,       716,       722
      3059,       722,       716,       715
      3060,       722,       715,       720
      3061,       727,       729,       723
      3062,       727,       723,       724
      3063,       729,       167,       168
      3064,       729,       168,       723
      3065,       696,       697,       730
      3066,       696,       730,       728
      3067,       728,       730,       729
      3068,       728,       729,       727
      3069,       697,       165,       166
      3070,       697,       166,       730
      3071,       730,       166,       167
      3072,       730,       167,       729
      3073,       724,       725,       731
      3074,       724,       731,       727
      3075,       727,       731,       732
      3076,       727,       732,       728
      3077,       728,       732,       695
      3078,       728,       695,       696
      3079,       699,       733,       726
      3080,       699,       726,       700
      3081,       733,       731,       725
      3082,       733,       725,       726
      3083,       693,       694,       734
      3084,       693,       734,       698
      3085,       698,       734,       733
      3086,       698,       733,       699
      3087,       694,       695,       732
      3088,       694,       732,       734
      3089,       734,       732,       731
      3090,       734,       731,       733
      3091,       735,       737,       229
      3092,       735,       229,       228
      3093,       737,       170,       171
      3094,       737,       171,       229
      3095,       736,       738,       737
      3096,       736,       737,       735
      3097,       738,       169,       170
      3098,       738,       170,       737
      3099,       724,       723,       738
      3100,       724,       738,       736
      3101,       723,       168,       169
      3102,       723,       169,       738
      3103,       702,       739,       226
      3104,       702,       226,       225
      3105,       739,       740,       227
      3106,       739,       227,       226
      3107,       740,       735,       228
      3108,       740,       228,       227
      3109,       700,       726,       741
      3110,       700,       741,       701
      3111,       701,       741,       739
      3112,       701,       739,       702
      3113,       736,       742,       725
      3114,       736,       725,       724
      3115,       742,       741,       726
      3116,       742,       726,       725
      3117,       735,       740,       742
      3118,       735,       742,       736
      3119,       740,       739,       741
      3120,       740,       741,       742
      3121,       752,       754,       748
      3122,       752,       748,       749
      3123,       754,       744,       745
      3124,       754,       745,       748
      3125,       682,       683,       755
      3126,       682,       755,       753
      3127,       753,       755,       754
      3128,       753,       754,       752
      3129,       683,       684,       743
      3130,       683,       743,       755
      3131,       755,       743,       744
      3132,       755,       744,       754
      3133,       749,       750,       756
      3134,       749,       756,       752
      3135,       752,       756,       757
      3136,       752,       757,       753
      3137,       753,       757,       681
      3138,       753,       681,       682
      3139,        73,       758,       751
      3140,        73,       751,        72
      3141,       758,       756,       750
      3142,       758,       750,       751
      3143,        75,       680,       759
      3144,        75,       759,        74
      3145,        74,       759,       758
      3146,        74,       758,        73
      3147,       680,       681,       757
      3148,       680,       757,       759
      3149,       759,       757,       756
      3150,       759,       756,       758
      3151,       760,       762,       692
      3152,       760,       692,       691
      3153,       762,       747,       693
      3154,       762,       693,       692
      3155,       749,       748,       763
      3156,       749,       763,       761
      3157,       761,       763,       762
      3158,       761,       762,       760
      3159,       748,       745,       746
      3160,       748,       746,       763
      3161,       763,       746,       747
      3162,       763,       747,       762
      3163,       691,       690,       764
      3164,       691,       764,       760
      3165,       760,       764,       765
      3166,       760,       765,       761
      3167,       761,       765,       750
      3168,       761,       750,       749
      3169,        70,       766,       689
      3170,        70,       689,        69
      3171,       766,       764,       690
      3172,       766,       690,       689
      3173,        72,       751,       767
      3174,        72,       767,        71
      3175,        71,       767,       766
      3176,        71,       766,        70
      3177,       751,       750,       765
      3178,       751,       765,       767
      3179,       767,       765,       764
      3180,       767,       764,       766
      3181,       772,       774,       768
      3182,       772,       768,       769
      3183,       774,       161,       162
      3184,       774,       162,       768
      3185,       687,       688,       775
      3186,       687,       775,       773
      3187,       773,       775,       774
      3188,       773,       774,       772
      3189,       688,       159,       160
      3190,       688,       160,       775
      3191,       775,       160,       161
      3192,       775,       161,       774
      3193,       769,       770,       776
      3194,       769,       776,       772
      3195,       772,       776,       777
      3196,       772,       777,       773
      3197,       773,       777,       686
      3198,       773,       686,       687
      3199,       744,       778,       771
      3200,       744,       771,       745
      3201,       778,       776,       770
      3202,       778,       770,       771
      3203,       684,       685,       779
      3204,       684,       779,       743
      3205,       743,       779,       778
      3206,       743,       778,       744
      3207,       685,       686,       777
      3208,       685,       777,       779
      3209,       779,       777,       776
      3210,       779,       776,       778
      3211,       780,       782,       697
      3212,       780,       697,       696
      3213,       782,       164,       165
      3214,       782,       165,       697
      3215,       769,       768,       783
      3216,       769,       783,       781
      3217,       781,       783,       782
      3218,       781,       782,       780
      3219,       768,       162,       163
      3220,       768,       163,       783
      3221,       783,       163,       164
      3222,       783,       164,       782
      3223,       696,       695,       784
      3224,       696,       784,       780
      3225,       780,       784,       785
      3226,       780,       785,       781
      3227,       781,       785,       770
      3228,       781,       770,       769
      3229,       747,       786,       694
      3230,       747,       694,       693
      3231,       786,       784,       695
      3232,       786,       695,       694
      3233,       745,       771,       787
      3234,       745,       787,       746
      3235,       746,       787,       786
      3236,       746,       786,       747
      3237,       771,       770,       785
      3238,       771,       785,       787
      3239,       787,       785,       784
      3240,       787,       784,       786
      3241,       806,       808,       802
      3242,       806,       802,       803
      3243,       808,       798,       799
      3244,       808,       799,       802
      3245,       790,       791,       809
      3246,       790,       809,       807
      3247,       807,       809,       808
      3248,       807,       808,       806
      3249,       791,       792,       797
      3250,       791,       797,       809
      3251,       809,       797,       798
      3252,       809,       798,       808
      3253,        79,       810,       805
      3254,        79,       805,        78
      3255,       810,       811,       804
      3256,       810,       804,       805
      3257,       811,       806,       803
      3258,       811,       803,       804
      3259,        81,       788,       812
      3260,        81,       812,        80
      3261,        80,       812,       810
      3262,        80,       810,        79
      3263,       788,       789,       813
      3264,       788,       813,       812
      3265,       812,       813,       811
      3266,       812,       811,       810
      3267,       789,       790,       807
      3268,       789,       807,       813
      3269,       813,       807,       806
      3270,       813,       806,       811
      3271,       814,       816,       683
      3272,       814,       683,       682
      3273,       816,       801,       684
      3274,       816,       684,       683
      3275,       815,       817,       816
      3276,       815,       816,       814
      3277,       817,       800,       801
      3278,       817,       801,       816
      3279,       803,       802,       817
      3280,       803,       817,       815
      3281,       802,       799,       800
      3282,       802,       800,       817
      3283,        76,       818,       680
      3284,        76,       680,        75
      3285,       818,       819,       681
      3286,       818,       681,       680
      3287,       819,       814,       682
      3288,       819,       682,       681
      3289,        78,       805,       820
      3290,        78,       820,        77
      3291,        77,       820,       818
      3292,        77,       818,        76
      3293,       815,       821,       804
      3294,       815,       804,       803
      3295,       821,       820,       805
      3296,       821,       805,       804
      3297,       814,       819,       821
      3298,       814,       821,       815
      3299,       819,       818,       820
      3300,       819,       820,       821
      3301,       826,       828,       822
      3302,       826,       822,       823
      3303,       828,       155,       156
      3304,       828,       156,       822
      3305,       795,       796,       829
      3306,       795,       829,       827
      3307,       827,       829,       828
      3308,       827,       828,       826
      3309,       796,       153,       154
      3310,       796,       154,       829
      3311,       829,       154,       155
      3312,       829,       155,       828
      3313,       823,       824,       830
      3314,       823,       830,       826
      3315,       826,       830,       831
      3316,       826,       831,       827
      3317,       827,       831,       794
      3318,       827,       794,       795
      3319,       798,       832,       825
      3320,       798,       825,       799
      3321,       832,       830,       824
      3322,       832,       824,       825
      3323,       792,       793,       833
      3324,       792,       833,       797
      3325,       797,       833,       832
      3326,       797,       832,       798
      3327,       793,       794,       831
      3328,       793,       831,       833
      3329,       833,       831,       830
      3330,       833,       830,       832
      3331,       834,       836,       688
      3332,       834,       688,       687
      3333,       836,       158,       159
      3334,       836,       159,       688
      3335,       835,       837,       836
      3336,       835,       836,       834
      3337,       837,       157,       158
      3338,       837,       158,       836
      3339,       823,       822,       837
      3340,       823,       837,       835
      3341,       822,       156,       157
      3342,       822,       157,       837
      3343,       687,       686,       838
      3344,       687,       838,       834
      3345,       834,       838,       839
      3346,       834,       839,       835
      3347,       835,       839,       824
      3348,       835,       824,       823
      3349,       801,       840,       685
      3350,       801,       685,       684
      3351,       840,       838,       686
      3352,       840,       686,       685
      3353,       800,       841,       840
      3354,       800,       840,       801
      3355,       841,       839,       838
      3356,       841,       838,       840
      3357,       799,       825,       841
      3358,       799,       841,       800
      3359,       825,       824,       839
      3360,       825,       839,       841
      3361,       852,       854,       848
      3362,       852,       848,       849
      3363,       854,       843,       844
      3364,       854,       844,       848
      3365,       853,       855,       854
      3366,       853,       854,       852
      3367,       855,       842,       843
      3368,       855,       843,       854
      3369,       673,       674,       855
      3370,       673,       855,       853
      3371,       674,       675,       842
      3372,       674,       842,       855
      3373,       849,       850,       856
      3374,       849,       856,       852
      3375,       852,       856,       857
      3376,       852,       857,       853
      3377,       853,       857,       672
      3378,       853,       672,       673
      3379,        86,       858,       851
      3380,        86,       851,        85
      3381,       858,       856,       850
      3382,       858,       850,       851
      3383,        88,       671,       859
      3384,        88,       859,        87
      3385,        87,       859,       858
      3386,        87,       858,        86
      3387,       671,       672,       857
      3388,       671,       857,       859
      3389,       859,       857,       856
      3390,       859,       856,       858
      3391,       861,       863,       864
      3392,       861,       864,       860
      3393,       860,       864,       791
      3394,       860,       791,       790
      3395,       863,       846,       847
      3396,       863,       847,       864
      3397,       864,       847,       792
      3398,       864,       792,       791
      3399,       849,       848,       865
      3400,       849,       865,       862
      3401,       862,       865,       863
      3402,       862,       863,       861
      3403,       848,       844,       845
      3404,       848,       845,       865
      3405,       865,       845,       846
      3406,       865,       846,       863
      3407,        83,       866,       868
      3408,        83,       868,        82
      3409,        82,       868,       788
      3410,        82,       788,        81
      3411,       866,       867,       869
      3412,       866,       869,       868
      3413,       868,       869,       789
      3414,       868,       789,       788
      3415,       867,       861,       860
      3416,       867,       860,       869
      3417,       869,       860,       790
      3418,       869,       790,       789
      3419,        85,       851,       870
      3420,        85,       870,        84
      3421,        84,       870,       866
      3422,        84,       866,        83
      3423,       862,       871,       850
      3424,       862,       850,       849
      3425,       871,       870,       851
      3426,       871,       851,       850
      3427,       861,       867,       871
      3428,       861,       871,       862
      3429,       867,       866,       870
      3430,       867,       870,       871
      3431,       876,       878,       872
      3432,       876,       872,       873
      3433,       878,       148,       149
      3434,       878,       149,       872
      3435,       678,       679,       879
      3436,       678,       879,       877
      3437,       877,       879,       878
      3438,       877,       878,       876
      3439,       679,       146,       147
      3440,       679,       147,       879
      3441,       879,       147,       148
      3442,       879,       148,       878
      3443,       873,       874,       880
      3444,       873,       880,       876
      3445,       876,       880,       881
      3446,       876,       881,       877
      3447,       877,       881,       677
      3448,       877,       677,       678
      3449,       843,       882,       875
      3450,       843,       875,       844
      3451,       882,       880,       874
      3452,       882,       874,       875
      3453,       842,       883,       882
      3454,       842,       882,       843
      3455,       883,       881,       880
      3456,       883,       880,       882
      3457,       675,       676,       883
      3458,       675,       883,       842
      3459,       676,       677,       881
      3460,       676,       881,       883
      3461,       884,       888,       796
      3462,       884,       796,       795
      3463,       888,       152,       153
      3464,       888,       153,       796
      3465,       885,       887,       888
      3466,       885,       888,       884
      3467,       887,       151,       152
      3468,       887,       152,       888
      3469,       886,       889,       887
      3470,       886,       887,       885
      3471,       889,       150,       151
      3472,       889,       151,       887
      3473,       873,       872,       889
      3474,       873,       889,       886
      3475,       872,       149,       150
      3476,       872,       150,       889
      3477,       846,       890,       892
      3478,       846,       892,       847
      3479,       847,       892,       793
      3480,       847,       793,       792
      3481,       890,       891,       893
      3482,       890,       893,       892
      3483,       892,       893,       794
      3484,       892,       794,       793
      3485,       891,       885,       884
      3486,       891,       884,       893
      3487,       893,       884,       795
      3488,       893,       795,       794
      3489,       844,       875,       894
      3490,       844,       894,       845
      3491,       845,       894,       890
      3492,       845,       890,       846
      3493,       875,       874,       895
      3494,       875,       895,       894
      3495,       894,       895,       891
      3496,       894,       891,       890
      3497,       874,       873,       886
      3498,       874,       886,       895
      3499,       895,       886,       885
      3500,       895,       885,       891
      3501,       923,       925,       919
      3502,       923,       919,       920
      3503,       925,       915,       916
      3504,       925,       916,       919
      3505,       907,       908,       926
      3506,       907,       926,       924
      3507,       924,       926,       925
      3508,       924,       925,       923
      3509,       908,       909,       914
      3510,       908,       914,       926
      3511,       926,       914,       915
      3512,       926,       915,       925
      3513,       920,       921,       927
      3514,       920,       927,       923
      3515,       923,       927,       928
      3516,       923,       928,       924
      3517,       924,       928,       906
      3518,       924,       906,       907
      3519,        92,       929,       922
      3520,        92,       922,        91
      3521,       929,       927,       921
      3522,       929,       921,       922
      3523,        93,       930,       929
      3524,        93,       929,        92
      3525,       930,       928,       927
      3526,       930,       927,       929
      3527,        94,       905,       930
      3528,        94,       930,        93
      3529,       905,       906,       928
      3530,       905,       928,       930
      3531,       931,       933,       674
      3532,       931,       674,       673
      3533,       933,       918,       675
      3534,       933,       675,       674
      3535,       932,       934,       933
      3536,       932,       933,       931
      3537,       934,       917,       918
      3538,       934,       918,       933
      3539,       920,       919,       934
      3540,       920,       934,       932
      3541,       919,       916,       917
      3542,       919,       917,       934
      3543,       673,       672,       935
      3544,       673,       935,       931
      3545,       931,       935,       936
      3546,       931,       936,       932
      3547,       932,       936,       921
      3548,       932,       921,       920
      3549,        89,       937,       671
      3550,        89,       671,        88
      3551,       937,       935,       672
      3552,       937,       672,       671
      3553,        91,       922,       938
      3554,        91,       938,        90
      3555,        90,       938,       937
      3556,        90,       937,        89
      3557,       922,       921,       936
      3558,       922,       936,       938
      3559,       938,       936,       935
      3560,       938,       935,       937
      3561,       943,       945,       939
      3562,       943,       939,       940
      3563,       945,       142,       143
      3564,       945,       143,       939
      3565,       912,       913,       946
      3566,       912,       946,       944
      3567,       944,       946,       945
      3568,       944,       945,       943
      3569,       913,       140,       141
      3570,       913,       141,       946
      3571,       946,       141,       142
      3572,       946,       142,       945
      3573,       915,       947,       942
      3574,       915,       942,       916
      3575,       947,       948,       941
      3576,       947,       941,       942
      3577,       948,       943,       940
      3578,       948,       940,       941
      3579,       909,       910,       949
      3580,       909,       949,       914
      3581,       914,       949,       947
      3582,       914,       947,       915
      3583,       944,       950,       911
      3584,       944,       911,       912
      3585,       950,       949,       910
      3586,       950,       910,       911
      3587,       943,       948,       950
      3588,       943,       950,       944
      3589,       948,       947,       949
      3590,       948,       949,       950
      3591,       951,       953,       679
      3592,       951,       679,       678
      3593,       953,       145,       146
      3594,       953,       146,       679
      3595,       940,       939,       954
      3596,       940,       954,       952
      3597,       952,       954,       953
      3598,       952,       953,       951
      3599,       939,       143,       144
      3600,       939,       144,       954
      3601,       954,       144,       145
      3602,       954,       145,       953
      3603,       678,       677,       955
      3604,       678,       955,       951
      3605,       951,       955,       956
      3606,       951,       956,       952
      3607,       952,       956,       941
      3608,       952,       941,       940
      3609,       918,       957,       676
      3610,       918,       676,       675
      3611,       957,       955,       677
      3612,       957,       677,       676
      3613,       917,       958,       957
      3614,       917,       957,       918
      3615,       958,       956,       955
      3616,       958,       955,       957
      3617,       916,       942,       958
      3618,       916,       958,       917
      3619,       942,       941,       956
      3620,       942,       956,       958
      3621,       968,       970,       964
      3622,       968,       964,       965
      3623,       970,       960,       961
      3624,       970,       961,       964
      3625,       969,       971,       970
      3626,       969,       970,       968
      3627,       971,       959,       960
      3628,       971,       960,       970
      3629,       898,       899,       971
      3630,       898,       971,       969
      3631,       899,       900,       959
      3632,       899,       959,       971
      3633,        98,       972,       967
      3634,        98,       967,        97
      3635,       972,       973,       966
      3636,       972,       966,       967
      3637,       973,       968,       965
      3638,       973,       965,       966
      3639,       100,       896,       974
      3640,       100,       974,        99
      3641,        99,       974,       972
      3642,        99,       972,        98
      3643,       896,       897,       975
      3644,       896,       975,       974
      3645,       974,       975,       973
      3646,       974,       973,       972
      3647,       897,       898,       969
      3648,       897,       969,       975
      3649,       975,       969,       968
      3650,       975,       968,       973
      3651,       976,       978,       908
      3652,       976,       908,       907
      3653,       978,       963,       909
      3654,       978,       909,       908
      3655,       965,       964,       979
      3656,       965,       979,       977
      3657,       977,       979,       978
      3658,       977,       978,       976
      3659,       964,       961,       962
      3660,       964,       962,       979
      3661,       979,       962,       963
      3662,       979,       963,       978
      3663,       907,       906,       980
      3664,       907,       980,       976
      3665,       976,       980,       981
      3666,       976,       981,       977
      3667,       977,       981,       966
      3668,       977,       966,       965
      3669,        95,       982,       905
      3670,        95,       905,        94
      3671,       982,       980,       906
      3672,       982,       906,       905
      3673,        97,       967,       983
      3674,        97,       983,        96
      3675,        96,       983,       982
      3676,        96,       982,        95
      3677,       967,       966,       981
      3678,       967,       981,       983
      3679,       983,       981,       980
      3680,       983,       980,       982
      3681,       988,       990,       984
      3682,       988,       984,       985
      3683,       990,       136,       137
      3684,       990,       137,       984
      3685,       989,       991,       990
      3686,       989,       990,       988
      3687,       991,       135,       136
      3688,       991,       136,       990
      3689,       903,       904,       991
      3690,       903,       991,       989
      3691,       904,       134,       135
      3692,       904,       135,       991
      3693,       960,       992,       987
      3694,       960,       987,       961
      3695,       992,       993,       986
      3696,       992,       986,       987
      3697,       993,       988,       985
      3698,       993,       985,       986
      3699,       900,       901,       994
      3700,       900,       994,       959
      3701,       959,       994,       992
      3702,       959,       992,       960
      3703,       989,       995,       902
      3704,       989,       902,       903
      3705,       995,       994,       901
      3706,       995,       901,       902
      3707,       988,       993,       995
      3708,       988,       995,       989
      3709,       993,       992,       994
      3710,       993,       994,       995
      3711,       996,       998,       913
      3712,       996,       913,       912
      3713,       998,       139,       140
      3714,       998,       140,       913
      3715,       985,       984,       999
      3716,       985,       999,       997
      3717,       997,       999,       998
      3718,       997,       998,       996
      3719,       984,       137,       138
      3720,       984,       138,       999
      3721,       999,       138,       139
      3722,       999,       139,       998
      3723,       912,       911,      1000
      3724,       912,      1000,       996
      3725,       996,      1000,      1001
      3726,       996,      1001,       997
      3727,       997,      1001,       986
      3728,       997,       986,       985
      3729,       963,      1002,       910
      3730,       963,       910,       909
      3731,      1002,      1000,       911
      3732,      1002,       911,       910
      3733,       961,       987,      1003
      3734,       961,      1003,       962
      3735,       962,      1003,      1002
      3736,       962,      1002,       963
      3737,       987,       986,      1001
      3738,       987,      1001,      1003
      3739,      1003,      1001,      1000
      3740,      1003,      1000,      1002
      3741,      1022,      1024,      1018
      3742,      1022,      1018,      1019
      3743,      1024,      1014,      1015
      3744,      1024,      1015,      1018
      3745,      1006,      1007,      1025
      3746,      1006,      1025,      1023
      3747,      1023,      1025,      1024
      3748,      1023,      1024,      1022
      3749,      1007,      1008,      1013
      3750,      1007,      1013,      1025
      3751,      1025,      1013,      1014
      3752,      1025,      1014,      1024
      3753,       104,      1026,      1021
      3754,       104,      1021,       103
      3755,      1026,      1027,      1020
      3756,      1026,      1020,      1021
      3757,      1027,      1022,      1019
      3758,      1027,      1019,      1020
      3759,       106,      1004,      1028
      3760,       106,      1028,       105
      3761,       105,      1028,      1026
      3762,       105,      1026,       104
      3763,      1004,      1005,      1029
      3764,      1004,      1029,      1028
      3765,      1028,      1029,      1027
      3766,      1028,      1027,      1026
      3767,      1005,      1006,      1023
      3768,      1005,      1023,      1029
      3769,      1029,      1023,      1022
      3770,      1029,      1022,      1027
      3771,      1030,      1032,       899
      3772,      1030,       899,       898
      3773,      1032,      1017,       900
      3774,      1032,       900,       899
      3775,      1019,      1018,      1033
      3776,      1019,      1033,      1031
      3777,      1031,      1033,      1032
      3778,      1031,      1032,      1030
      3779,      1018,      1015,      1016
      3780,      1018,      1016,      1033
      3781,      1033,      1016,      1017
      3782,      1033,      1017,      1032
      3783,       898,       897,      1034
      3784,       898,      1034,      1030
      3785,      1030,      1034,      1035
      3786,      1030,      1035,      1031
      3787,      1031,      1035,      1020
      3788,      1031,      1020,      1019
      3789,       101,      1036,       896
      3790,       101,       896,       100
      3791,      1036,      1034,       897
      3792,      1036,       897,       896
      3793,       103,      1021,      1037
      3794,       103,      1037,       102
      3795,       102,      1037,      1036
      3796,       102,      1036,       101
      3797,      1021,      1020,      1035
      3798,      1021,      1035,      1037
      3799,      1037,      1035,      1034
      3800,      1037,      1034,      1036
      3801,      1042,      1044,      1038
      3802,      1042,      1038,      1039
      3803,      1044,       130,       131
      3804,      1044,       131,      1038
      3805,      1011,      1012,      1045
      3806,      1011,      1045,      1043
      3807,      1043,      1045,      1044
      3808,      1043,      1044,      1042
      3809,      1012,       128,       129
      3810,      1012,       129,      1045
      3811,      1045,       129,       130
      3812,      1045,       130,      1044
      3813,      1039,      1040,      1046
      3814,      1039,      1046,      1042
      3815,      1042,      1046,      1047
      3816,      1042,      1047,      1043
      3817,      1043,      1047,      1010
      3818,      1043,      1010,      1011
      3819,      1014,      1048,      1041
      3820,      1014,      1041,      1015
      3821,      1048,      1046,      1040
      3822,      1048,      1040,      1041
      3823,      1008,      1009,      1049
      3824,      1008,      1049,      1013
      3825,      1013,      1049,      1048
      3826,      1013,      1048,      1014
      3827,      1009,      1010,      1047
      3828,      1009,      1047,      1049
      3829,      1049,      1047,      1046
      3830,      1049,      1046,      1048
      3831,      1050,      1052,       904
      3832,      1050,       904,       903
      3833,      1052,       133,       134
      3834,      1052,       134,       904
      3835,      1039,      1038,      1053
      3836,      1039,      1053,      1051
      3837,      1051,      1053,      1052
      3838,      1051,      1052,      1050
      3839,      1038,       131,       132
      3840,      1038,       132,      1053
      3841,      1053,       132,       133
      3842,      1053,       133,      1052
      3843,       903,       902,      1054
      3844,       903,      1054,      1050
      3845,      1050,      1054,      1055
      3846,      1050,      1055,      1051
      3847,      1051,      1055,      1040
      3848,      1051,      1040,      1039
      3849,      1017,      1056,       901
      3850,      1017,       901,       900
      3851,      1056,      1054,       902
      3852,      1056,       902,       901
      3853,      1015,      1041,      1057
      3854,      1015,      1057,      1016
      3855,      1016,      1057,      1056
      3856,      1016,      1056,      1017
      3857,      1041,      1040,      1055
      3858,      1041,      1055,      1057
      3859,      1057,      1055,      1054
      3860,      1057,      1054,      1056
      3861,      1068,      1070,      1064
      3862,      1068,      1064,      1065
      3863,      1070,      1059,      1060
      3864,      1070,      1060,      1064
      3865,       115,       116,      1071
      3866,       115,      1071,      1069
      3867,      1069,      1071,      1070
      3868,      1069,      1070,      1068
      3869,       116,       117,      1058
      3870,       116,      1058,      1071
      3871,      1071,      1058,      1059
      3872,      1071,      1059,      1070
      3873,      1065,      1066,      1072
      3874,      1065,      1072,      1068
      3875,      1068,      1072,      1073
      3876,      1068,      1073,      1069
      3877,      1069,      1073,       114
      3878,      1069,       114,       115
      3879,       111,      1074,      1067
      3880,       111,      1067,       110
      3881,      1074,      1072,      1066
      3882,      1074,      1066,      1067
      3883,         2,       113,      1075
      3884,         2,      1075,       112
      3885,       112,      1075,      1074
      3886,       112,      1074,       111
      3887,       113,       114,      1073
      3888,       113,      1073,      1075
      3889,      1075,      1073,      1072
      3890,      1075,      1072,      1074
      3891,      1077,      1079,      1080
      3892,      1077,      1080,      1076
      3893,      1076,      1080,      1007
      3894,      1076,      1007,      1006
      3895,      1079,      1062,      1063
      3896,      1079,      1063,      1080
      3897,      1080,      1063,      1008
      3898,      1080,      1008,      1007
      3899,      1065,      1064,      1081
      3900,      1065,      1081,      1078
      3901,      1078,      1081,      1079
      3902,      1078,      1079,      1077
      3903,      1064,      1060,      1061
      3904,      1064,      1061,      1081
      3905,      1081,      1061,      1062
      3906,      1081,      1062,      1079
      3907,       108,      1082,      1084
      3908,       108,      1084,       107
      3909,       107,      1084,      1004
      3910,       107,      1004,       106
      3911,      1082,      1083,      1085
      3912,      1082,      1085,      1084
      3913,      1084,      1085,      1005
      3914,      1084,      1005,      1004
      3915,      1083,      1077,      1076
      3916,      1083,      1076,      1085
      3917,      1085,      1076,      1006
      3918,      1085,      1006,      1005
      3919,       110,      1067,      1086
      3920,       110,      1086,       109
      3921,       109,      1086,      1082
      3922,       109,      1082,       108
      3923,      1067,      1066,      1087
      3924,      1067,      1087,      1086
      3925,      1086,      1087,      1083
      3926,      1086,      1083,      1082
      3927,      1066,      1065,      1078
      3928,      1066,      1078,      1087
      3929,      1087,      1078,      1077
      3930,      1087,      1077,      1083
      3931,      1092,      1094,      1088
      3932,      1092,      1088,      1089
      3933,      1094,       123,       124
      3934,      1094,       124,      1088
      3935,       120,       121,      1095
      3936,       120,      1095,      1093
      3937,      1093,      1095,      1094
      3938,      1093,      1094,      1092
      3939,       121,         3,       122
      3940,       121,       122,      1095
      3941,      1095,       122,       123
      3942,      1095,       123,      1094
      3943,      1089,      1090,      1096
      3944,      1089,      1096,      1092
      3945,      1092,      1096,      1097
      3946,      1092,      1097,      1093
      3947,      1093,      1097,       119
      3948,      1093,       119,       120
      3949,      1059,      1098,      1091
      3950,      1059,      1091,      1060
      3951,      1098,      1096,      1090
      3952,      1098,      1090,      1091
      3953,       117,       118,      1099
      3954,       117,      1099,      1058
      3955,      1058,      1099,      1098
      3956,      1058,      1098,      1059
      3957,       118,       119,      1097
      3958,       118,      1097,      1099
      3959,      1099,      1097,      1096
      3960,      1099,      1096,      1098
      3961,      1101,      1103,      1104
      3962,      1101,      1104,      1100
      3963,      1100,      1104,      1012
      3964,      1100,      1012,      1011
      3965,      1103,       126,       127
      3966,      1103,       127,      1104
      3967,      1104,       127,       128
      3968,      1104,       128,      1012
      3969,      1102,      1105,      1103
      3970,      1102,      1103,      1101
      3971,      1105,       125,       126
      3972,      1105,       126,      1103
      3973,      1089,      1088,      1105
      3974,      1089,      1105,      1102
      3975,      1088,       124,       125
      3976,      1088,       125,      1105
      3977,      1062,      1106,      1108
      3978,      1062,      1108,      1063
      3979,      1063,      1108,      1009
      3980,      1063,      1009,      1008
      3981,      1106,      1107,      1109
      3982,      1106,      1109,      1108
      3983,      1108,      1109,      1010
      3984,      1108,      1010,      1009
      3985,      1107,      1101,      1100
      3986,      1107,      1100,      1109
      3987,      1109,      1100,      1011
      3988,      1109,      1011,      1010
      3989,      1060,      1091,      1110
      3990,      1060,      1110,      1061
      3991,      1061,      1110,      1106
      3992,      1061,      1106,      1062
      3993,      1102,      1111,      1090
      3994,      1102,      1090,      1089
      3995,      1111,      1110,      1091
      3996,      1111,      1091,      1090
      3997,      1101,      1107,      1111
      3998,      1101,      1111,      1102
      3999,      1107,      1106,      1110
      4000,      1107,      1110,      1111